9.585789230233523
9.454379021790624
9.193692763357577
8.842636951420289
8.446314135791779
8.04190075396064
7.650372683380933
7.277257134547946
6.920297542177211
6.578208051659032
6.254760804416806
5.956100131573325
5.68398578534879
5.430521080183491
5.178995625835345
4.911375803468136
4.618361441242873
4.305803497352994
3.993095824392509
3.7038700104333153
3.454032081986446
3.24393336552867
3.059122770336128
2.879080002396738
2.6886568655389302
2.485507485505839
2.279420788704311
2.0845107927414532
1.9095302518807427
1.75249989294063
1.602877255435208
1.4495564836260377
1.2892373754739075
1.129501752571858
0.98439766233356
0.8652404125141038
0.7725546001618921
0.6945273481485699
0.6133256180189539
0.5156554556533477
0.4011446007217554
0.2833058445089227
0.18230144241443424
0.11373012907808056
0.08009731046096524
0.06998956184332172
0.06527288203287718
0.05178487458811798
0.026987673437563142
9.790232407214106e-05
-0.015011629207757338
-0.009350306920880236
0.015400172214276697
0.04849564737449441
0.0779589933015048
0.09940455624635147
0.11995212459197857
0.15445035667482232
0.21618770089724348
0.3079124930418531
0.4189765104410288
0.5307116342035543
0.6270342760344314
0.7039418470617762
0.7721220351131262
0.8510263090335402
0.9579231273100901
1.0984560580495697
1.2642390810171507
1.4386655097912349
1.6071092673697043
1.7651544945371742
1.919940300131643
2.0841813769332935
2.267067835889877
2.46812552606647
2.6780667575948414
2.886014163946493
3.0882215522866607
3.292290198784966
3.513651517597075
3.76604476718098
4.0517372733592305
4.35773980768951
4.660862309388133
4.939180793625138
5.183573979601168
5.402844704959169
5.619655402724987
5.859798215795158
6.140962290483849
6.466987425728853
6.82983248692423
7.216590142434307
7.615960019265183
8.019459368593107
8.416674189199203
8.788376505152037
9.103363219750698
9.322992434269281
9.412683123735196
