0.12099974480192621
1.2492309511777293
7.846796026626544
2.8653664326748345
9.751787603824697
5.709288208563935
3.5764814870726123
0.03602973876390969
1.0598098775225164
0.3833147754335773
6.250765990910255
0.05444491898477288
0.31489813251271626
0.02669797089988002
7.952866840704521
4.455866693536672
0.4534545296020074
8.25104417581179
4.423452145597681
0.8257265423175699
7.99461225077774
0.5898002671789317
0.004702550215734291
5.400482019399819
1.2264662775316246
9.734727039730815
0.9500940363662966
4.1876169439935484
8.218166237480157
7.000285605361174
0.967207081218449
5.336682858505002
2.509842111331894
1.2893897975113706
1.6022808322192874
0.5832162090653537
9.062031258464637
1.7533283723000288
2.238665677194893
8.546141076091361
1.2049392808694837
0.1871970561271521
1.1260267107568769
2.406231645768772
0.5915011704568993
7.889148343211263
7.90498377071909
1.2437753239666485
0.925358352053431
6.414726412132795
4.522022490517871
2.4304874756330896
0.28758478588299274
1.4899205288392405
3.2283016967940643
4.481505010986298
1.2759592524144416
8.621961913227313
0.4968841269163331
7.705162284970269
8.001141773354844
1.592708744732656
1.282813939345346
0.3891679349856023
2.4712321928522005
7.066931130319867
2.6820247294771082
0.19822567299037885
1.311946187091662
0.8170142472931179
1.8947477963185353
5.469058924559109
0.0030632245879420594
4.7884318972536395
2.837544756673818
3.7206026181649463
9.325782281648555
8.87770653078626
3.453007568696979
0.9413147421810439
0.6093657628765587
9.05798088447565
1.9871829047263434
1.9877289765918693
8.145731974543326
8.884624051028498
0.048306470133590906
1.5331904285298203
0.5567827801970342
5.676634410406604
0.07948574206718462
0.1011035533077429
2.7683828974042104
0.26969483008728323
0.34822625094371595
6.403173704751625
3.362367239947366
8.117351475846592
3.999882048884576
4.337090927231182
